1---- copy
l: 9 8 7 6 4 4 3 2 1 0
l0: 9 8 7 6 4 4 3 2 1 0
l1: 9 8 7 6 4 4 3 2 1 0
l2: 9 8 7 6 4 4 3 2 1 0

2---- l.Remove(l.Front())
l:  8 7 6 4 4 3 2 1 0
l0: 9 8 7 6 4 4 3 2 1 0
l1: 9 8 7 6 4 4 3 2 1 0
l2: 8 7 6 4 4 3 2 1 0

3---- add(10, l0)
l:  18 17 16 14 14 13 12 11 10
l0: 19 18 17 16 14 14 13 12 11 10
l1: 9 8 7 6 4 4 3 2 1 0
l2: 18 17 16 14 14 13 12 11 10

4---- add(30, l1)
l:  18 17 16 14 14 13 12 11 10
l0: 19 18 17 16 14 14 13 12 11 10
l1: 39 38 37 36 34 34 33 32 31 30
l2: 18 17 16 14 14 13 12 11 10

5---- add(50, l2)
l:  68 67 66 64 64 63 62 61 60
l0: 19 68 67 66 64 64 63 62 61 60
l1: 39 38 37 36 34 34 33 32 31 30
l2: 68 67 66 64 64 63 62 61 60